300   0.02  10.30776406 0.0203
360   0.02  14.72718575 0.0203
400   0.03  15.62849961 0.02045
460   0.04  17.04963343 0.0206
500   0.07  18.0346888  0.02105
540   0.15  19.04442176 0.02225
550   0.17  19.30025907 0.02255
560   0.22  19.55735156 0.0233
580   0.31  20.07510897 0.02465
600   0.45  20.59732992 0.02675
640   0.99  21.65386801 0.03485
420   0.03  16.09378762 0.02045
440   0.03  16.56773974 0.02045
480   0.06  17.5388141  0.0209
520   0.1   18.53672031 0.0215
680   2.26  22.72465621 0.0539
670   2.04  22.45573423 0.0506
760   8.88  24.90160637 0.1532
720   4.69  23.80777184 0.09035